%!PS-Adobe-3.0 EPSF-3.0
%%BoundingBox: 0 0 595 536

362.000000 500.000000 moveto
424.612313 492.612313 478.988027 476.988027 529.000000 457.000000 curveto
532.572587 453.905920 536.757282 451.423948 540.000000 448.000000 curveto
557.109353 393.664454 560.891931 303.773259 549.000000 241.000000 curveto
518.374749 210.625251 473.449188 194.550812 433.000000 174.000000 curveto
431.742239 147.591095 431.154382 120.512284 423.000000 101.000000 curveto
399.321276 77.665570 366.044037 68.152599 340.000000 49.000000 curveto
324.128688 44.204646 310.586541 37.080126 297.000000 30.000000 curveto
295.000000 30.000000 293.000000 30.000000 291.000000 30.000000 curveto
291.437331 24.698854 281.909891 29.206942 284.000000 24.000000 curveto
280.396246 25.016978 274.529593 24.016388 271.000000 22.000000 curveto
201.730082 36.191837 133.394869 59.829700 77.000000 90.000000 curveto
67.487065 110.153732 65.975938 138.309271 66.000000 168.000000 curveto
64.405414 209.201424 67.546609 273.753259 79.000000 314.000000 curveto
105.900629 341.432704 154.740965 346.925701 194.000000 362.000000 curveto
196.646144 392.353856 197.370983 424.629017 207.000000 448.000000 curveto
248.259393 475.740607 305.562658 487.437342 362.000000 500.000000 curveto
371.000000 488.000000 moveto
372.946459 488.720207 377.601036 486.732297 378.000000 489.000000 curveto
372.495692 491.495692 364.194019 491.194019 356.000000 491.000000 curveto
313.552102 481.781232 273.464720 470.201947 236.000000 456.000000 curveto
236.007645 453.992355 233.221713 454.778287 234.000000 452.000000 curveto
292.918202 442.584869 350.220673 431.554006 394.000000 407.000000 curveto
432.549044 425.450956 478.551133 436.448867 523.000000 449.000000 curveto
484.858221 468.524888 436.612948 477.946281 389.000000 488.000000 curveto
389.000000 487.000000 389.000000 486.000000 389.000000 485.000000 curveto
400.729110 483.775257 401.133804 470.238977 392.000000 466.000000 curveto
376.635762 462.043997 346.745552 460.201647 350.000000 480.000000 curveto
353.596644 481.403356 354.872944 485.127056 360.000000 485.000000 curveto
361.083986 488.582680 368.953975 485.379359 371.000000 488.000000 curveto
361.000000 474.000000 moveto
367.382400 472.109169 384.475857 469.318109 387.000000 477.000000 curveto
379.213686 477.733323 365.920581 482.492764 361.000000 474.000000 curveto
391.000000 446.000000 moveto
396.443360 445.776693 402.451943 446.118610 406.000000 444.000000 curveto
410.627153 444.627153 411.757350 441.757350 416.000000 442.000000 curveto
438.884073 418.719410 368.821832 407.034736 368.000000 435.000000 curveto
369.581087 437.085580 371.473154 438.860180 373.000000 441.000000 curveto
377.636286 444.030381 385.238643 444.094690 391.000000 446.000000 curveto
379.000000 432.000000 moveto
385.719698 428.329877 405.822710 425.038738 410.000000 434.000000 curveto
402.401508 436.185948 383.699642 438.664515 379.000000 432.000000 curveto
510.000000 421.000000 moveto
536.824956 423.223531 538.139782 361.633271 508.000000 370.000000 curveto
507.355468 373.022135 502.480167 371.813500 503.000000 376.000000 curveto
500.123217 378.456550 498.309320 381.975987 498.000000 387.000000 curveto
495.511897 391.178563 497.933843 400.267176 497.000000 406.000000 curveto
499.839966 412.493367 502.834172 418.832495 510.000000 421.000000 curveto
232.000000 417.000000 moveto
257.079592 418.919499 256.539544 387.414834 249.000000 371.000000 curveto
260.526523 368.859856 271.648542 366.315208 284.000000 365.000000 curveto
281.258411 381.097937 286.158446 397.390249 301.000000 399.000000 curveto
316.428619 395.120645 318.998582 376.299799 316.000000 357.000000 curveto
326.219089 354.219089 336.251637 351.251637 347.000000 349.000000 curveto
346.373574 367.959759 348.566187 384.100480 368.000000 383.000000 curveto
380.645928 376.397062 383.882708 355.411594 378.000000 339.000000 curveto
385.968839 335.968839 393.749583 332.749583 402.000000 330.000000 curveto
402.235066 355.235066 399.652727 377.652727 394.000000 397.000000 curveto
345.078384 423.411717 285.545652 439.212319 215.000000 444.000000 curveto
206.183969 422.816031 204.394474 394.605526 204.000000 365.000000 curveto
212.766411 364.900256 218.092709 368.240624 226.000000 369.000000 curveto
217.774124 383.642124 217.620768 408.979943 232.000000 417.000000 curveto
404.000000 394.000000 moveto
410.212632 374.545966 411.077890 349.744557 412.000000 325.000000 curveto
427.044411 312.711077 427.179089 285.512422 430.000000 261.000000 curveto
464.431272 276.446489 468.953634 200.177611 433.000000 210.000000 curveto
433.000000 202.000000 433.000000 194.000000 433.000000 186.000000 curveto
471.956500 202.043500 508.096442 220.903558 540.000000 244.000000 curveto
550.593262 303.316916 548.400271 385.208212 533.000000 440.000000 curveto
485.256706 432.409960 444.383953 417.949380 405.000000 402.000000 curveto
404.418530 399.581470 403.431321 397.568679 404.000000 394.000000 curveto
433.000000 393.000000 moveto
466.969166 397.392831 460.120823 327.685535 430.000000 344.000000 curveto
429.668310 347.334977 426.147272 347.480605 426.000000 351.000000 curveto
423.057023 354.390356 421.683059 359.349725 422.000000 366.000000 curveto
418.868892 369.261517 423.191297 374.571785 422.000000 379.000000 curveto
424.839501 384.493832 427.205074 390.461593 433.000000 393.000000 curveto
520.000000 392.000000 moveto
522.805084 394.036801 518.502689 398.167046 520.000000 402.000000 curveto
518.651550 404.651550 517.158524 407.158524 516.000000 410.000000 curveto
495.879841 415.178028 510.018036 361.350538 519.000000 385.000000 curveto
521.267703 385.398964 519.279793 390.053541 520.000000 392.000000 curveto
229.000000 390.000000 moveto
230.512120 385.845454 230.952721 380.619388 233.000000 377.000000 curveto
253.950399 366.812658 241.475837 428.389173 231.000000 400.000000 curveto
229.036801 397.963199 229.167046 393.832954 229.000000 390.000000 curveto
307.000000 368.000000 moveto
308.551282 368.494083 308.551282 376.505917 307.000000 377.000000 curveto
306.826254 379.826254 306.722926 382.722926 305.000000 384.000000 curveto
296.197522 404.846877 281.329283 354.012255 306.000000 361.000000 curveto
306.342545 363.324122 307.670697 364.662637 307.000000 368.000000 curveto
431.000000 363.000000 moveto
432.897014 358.897014 433.562861 353.562861 437.000000 351.000000 curveto
458.285732 353.759966 437.612011 403.483040 432.000000 373.000000 curveto
429.638067 371.695266 431.810651 365.856016 431.000000 363.000000 curveto
356.000000 358.000000 moveto
358.205202 355.871868 355.948342 349.281675 358.000000 347.000000 curveto
380.972940 328.468148 368.997117 394.022054 358.000000 366.000000 curveto
356.354553 364.312113 356.388693 360.944640 356.000000 358.000000 curveto
258.000000 339.000000 moveto
263.083933 338.083933 271.470024 340.470024 275.000000 338.000000 curveto
279.045733 337.712400 282.506761 336.840094 285.000000 335.000000 curveto
289.391894 335.391894 288.845336 330.845336 292.000000 330.000000 curveto
297.996544 305.760015 232.820872 305.215002 240.000000 331.000000 curveto
244.274885 335.391782 251.301334 337.032000 258.000000 339.000000 curveto
281.000000 325.000000 moveto
279.437583 332.572161 257.331920 330.049703 250.000000 327.000000 curveto
250.296433 320.963100 258.319478 322.652811 264.000000 322.000000 curveto
267.000000 322.000000 270.000000 322.000000 273.000000 322.000000 curveto
274.948280 323.718387 279.630287 322.703046 281.000000 325.000000 curveto
108.000000 321.000000 moveto
168.323703 311.657036 226.607035 300.273702 270.000000 274.000000 curveto
309.330690 293.002643 353.827392 306.839274 402.000000 317.000000 curveto
402.000000 318.000000 402.000000 319.000000 402.000000 320.000000 curveto
357.579138 339.912471 304.309791 350.976457 251.000000 362.000000 curveto
244.666667 362.000000 238.333333 362.000000 232.000000 362.000000 curveto
188.683230 351.316770 145.540992 340.459008 108.000000 324.000000 curveto
108.000000 323.000000 108.000000 322.000000 108.000000 321.000000 curveto
514.000000 302.000000 moveto
538.612909 300.327688 542.616928 248.276295 514.000000 248.000000 curveto
510.028606 250.028606 507.087370 253.087370 504.000000 256.000000 curveto
502.545740 260.545740 499.801277 263.801277 500.000000 270.000000 curveto
496.844587 274.845873 500.657937 282.543082 500.000000 288.000000 curveto
503.411789 293.921545 506.561597 300.105070 514.000000 302.000000 curveto
387.000000 294.000000 moveto
419.040204 296.913360 412.395338 227.251000 383.000000 243.000000 curveto
382.264057 244.930723 380.367492 245.700825 380.000000 248.000000 curveto
376.886053 250.219386 375.751011 254.417677 375.000000 259.000000 curveto
372.515517 264.131671 374.459073 274.784588 375.000000 280.000000 curveto
377.375872 286.290795 381.178439 291.154895 387.000000 294.000000 curveto
106.000000 285.000000 moveto
135.592034 287.939696 134.355457 229.667321 106.000000 232.000000 curveto
104.080638 234.747305 100.134808 235.468141 98.000000 238.000000 curveto
96.922402 242.922402 93.633092 245.633092 94.000000 252.000000 curveto
90.931091 256.443243 94.420970 264.096455 94.000000 269.000000 curveto
96.840119 275.493214 100.268815 281.397851 106.000000 285.000000 curveto
509.000000 272.000000 moveto
510.562528 267.562528 511.214071 262.214071 514.000000 259.000000 curveto
535.757748 256.485492 516.685965 313.169979 510.000000 281.000000 curveto
507.664083 280.002584 509.785530 274.547804 509.000000 272.000000 curveto
383.000000 267.000000 moveto
386.060854 267.060854 381.939146 259.939146 385.000000 260.000000 curveto
392.282845 231.504673 410.226883 285.007645 388.000000 284.000000 curveto
385.339946 279.326720 383.818107 273.515226 383.000000 267.000000 curveto
280.000000 261.000000 moveto
287.010234 234.676900 286.453147 200.786481 287.000000 168.000000 curveto
287.580333 163.988533 287.953042 152.086860 287.000000 147.000000 curveto
287.622163 107.044503 284.419807 70.913526 279.000000 37.000000 curveto
329.799483 54.867183 374.805805 78.527528 415.000000 107.000000 curveto
425.592937 144.079789 424.138970 210.335686 421.000000 249.000000 curveto
419.810915 270.810915 418.495200 292.495200 412.000000 309.000000 curveto
362.651925 301.014741 320.586208 285.747125 280.000000 269.000000 curveto
280.000000 266.333333 280.000000 263.666667 280.000000 261.000000 curveto
117.000000 259.000000 moveto
118.557239 259.218738 115.748140 263.985866 117.000000 267.000000 curveto
115.157744 269.157744 114.799620 272.799620 113.000000 275.000000 curveto
91.680698 276.293593 108.023820 224.100294 116.000000 250.000000 curveto
118.335917 250.997416 116.214470 256.452196 117.000000 259.000000 curveto
232.000000 250.000000 moveto
269.974005 255.861770 258.118205 179.643652 228.000000 200.000000 curveto
226.759703 204.093036 222.774341 205.441008 223.000000 211.000000 curveto
219.939702 215.606368 221.386182 224.719515 221.000000 232.000000 curveto
223.726607 238.940060 226.962275 245.371058 232.000000 250.000000 curveto
433.000000 231.000000 moveto
434.897014 226.897014 435.562861 221.562861 439.000000 219.000000 curveto
459.690923 222.327087 440.344994 272.502017 434.000000 242.000000 curveto
431.615858 240.384142 433.832179 234.167821 433.000000 231.000000 curveto
75.000000 226.000000 moveto
75.772910 186.136479 71.588911 130.891586 84.000000 97.000000 curveto
137.440989 68.440989 200.014255 49.014255 266.000000 33.000000 curveto
281.443484 97.089588 281.134980 194.547125 270.000000 263.000000 curveto
222.129884 292.463217 159.295176 306.961843 88.000000 313.000000 curveto
79.141699 288.524968 78.381345 255.951988 75.000000 226.000000 curveto
231.000000 216.000000 moveto
232.766281 212.432948 234.007647 208.340980 237.000000 206.000000 curveto
254.079093 207.138620 242.010139 255.992936 233.000000 233.000000 curveto
230.807625 232.192375 231.006085 228.993915 231.000000 226.000000 curveto
231.000000 222.666667 231.000000 219.333333 231.000000 216.000000 curveto
352.000000 209.000000 moveto
384.780154 214.442329 379.891062 143.591555 350.000000 157.000000 curveto
348.300593 159.967259 344.152892 160.486225 344.000000 165.000000 curveto
340.921886 168.588553 340.092121 174.425454 340.000000 181.000000 curveto
337.546233 184.201361 342.136515 190.008363 341.000000 195.000000 curveto
343.761390 200.571944 346.756710 205.909956 352.000000 209.000000 curveto
168.000000 205.000000 moveto
196.883753 206.597713 193.690706 161.179463 178.000000 151.000000 curveto
174.333333 151.000000 170.666667 151.000000 167.000000 151.000000 curveto
164.475384 152.808717 162.558737 155.225404 160.000000 157.000000 curveto
158.854807 161.521474 155.665590 163.998923 156.000000 170.000000 curveto
153.000025 175.008075 156.249771 183.633368 156.000000 189.000000 curveto
158.590136 195.743198 162.004167 201.662500 168.000000 205.000000 curveto
179.000000 176.000000 moveto
182.049274 178.280991 177.746879 182.411236 179.000000 186.000000 curveto
177.555889 189.222556 176.655725 192.989059 174.000000 195.000000 curveto
154.693924 193.109455 170.029630 142.566954 178.000000 169.000000 curveto
180.267703 169.398964 178.279793 174.053541 179.000000 176.000000 curveto
364.000000 176.000000 moveto
366.220250 177.163051 364.828074 183.782709 364.000000 185.000000 curveto
364.690471 189.023804 362.603163 190.269830 363.000000 194.000000 curveto
348.358767 217.019939 343.070567 154.102912 362.000000 168.000000 curveto
362.057865 171.275468 364.353222 172.313445 364.000000 176.000000 curveto
105.000000 163.000000 moveto
132.088764 164.568644 132.756275 105.223871 104.000000 108.000000 curveto
100.777654 109.444321 98.947173 112.280506 96.000000 114.000000 curveto
94.942147 118.942147 90.831958 120.831958 92.000000 128.000000 curveto
89.071703 133.575484 92.103463 143.140198 92.000000 149.000000 curveto
95.848439 154.151561 98.675358 160.324642 105.000000 163.000000 curveto
100.000000 135.000000 moveto
103.121447 134.788114 98.878553 127.211886 102.000000 127.000000 curveto
109.517701 99.874280 127.509563 152.774512 105.000000 152.000000 curveto
102.188261 147.478405 100.964526 141.368807 100.000000 135.000000 curveto
311.000000 124.000000 moveto
337.279225 122.850368 337.091228 61.138509 306.000000 69.000000 curveto
303.524190 72.857524 298.937728 74.604394 298.000000 80.000000 curveto
295.027221 83.693888 294.959695 90.293028 295.000000 97.000000 curveto
294.177977 103.488689 296.457469 106.875865 297.000000 112.000000 curveto
300.711155 116.955512 304.053783 122.279550 311.000000 124.000000 curveto
231.000000 116.000000 moveto
260.651713 119.575262 261.072397 57.307778 231.000000 61.000000 curveto
229.657380 63.657380 225.901543 63.901543 224.000000 66.000000 curveto
222.473173 70.806506 219.162418 73.829085 219.000000 80.000000 curveto
216.071703 85.575484 219.103463 95.140198 219.000000 101.000000 curveto
221.518711 107.481289 224.870025 113.129975 231.000000 116.000000 curveto
319.000000 90.000000 moveto
320.551963 90.783680 320.551963 99.216320 319.000000 100.000000 curveto
320.289020 105.955687 316.539067 106.872401 316.000000 111.000000 curveto
296.765685 121.962859 305.480274 61.185474 317.000000 84.000000 curveto
319.610248 84.056419 318.950489 87.382844 319.000000 90.000000 curveto
228.000000 84.000000 moveto
229.663727 79.997060 230.487636 75.154303 233.000000 72.000000 curveto
250.324176 66.887219 241.986093 118.862517 231.000000 101.000000 curveto
228.550975 100.115692 229.064717 96.268616 229.000000 93.000000 curveto
226.664083 92.002584 228.785530 86.547804 228.000000 84.000000 curveto
fill

showpage
